85 424 116 306
360 52 82 152
82 152 36 397
36 397 128 654
128 654 409 730
409 730 682 586
682 586 724 328
724 328 610 152
610 152 360 52
351 146 202 234
202 234 156 398
156 398 242 583
242 583 410 621
410 621 568 508
568 508 588 314
588 314 460 190
460 190 351 146
239 229 244 161
244 161 300 193
300 193 239 229
58 189 130 181
130 181 126 97
126 97 58 189
196 391 164 475
164 475 268 477
268 477 196 391
75 622 178 619
178 619 167 697
167 697 75 622
366 743 398 683
398 683 470 721
470 721 366 743
687 628 651 560
651 560 713 550
713 550 687 628
525 375 625 424
625 424 525 421
525 421 525 375
474 49 515 134
515 134 630 233
630 233 709 227
709 227 474 49
293 247 279 278
279 278 314 298
314 298 329 263
329 263 293 247
425 248 406 271
406 271 419 299
419 299 455 285
455 285 425 248
255 401 281 395
281 395 287 413
287 413 323 395
323 395 334 424
334 424 369 409
369 409 384 421
384 421 394 399
394 399 415 414
415 414 437 385
437 385 457 405
457 405 478 379
478 379 479 461
479 461 447 439
447 439 428 478
428 478 411 452
411 452 381 477
381 477 365 462
365 462 337 485
337 485 313 452
313 452 286 462
286 462 276 431
276 431 252 432
252 432 236 388
236 388 255 401
355 329 349 352
349 352 361 352
361 352 355 329
361 331 368 349
368 349 374 342
374 342 361 331
