499 704 314 689
111 309 41 202
41 202 70 112
70 112 202 91
202 91 343 67
343 67 463 68
463 68 583 85
583 85 687 124
687 124 735 182
735 182 728 259
728 259 651 315
651 315 578 342
578 342 539 379
539 379 539 421
539 421 563 490
563 490 640 526
640 526 704 571
704 571 692 664
692 664 607 733
607 733 423 743
423 743 296 716
296 716 137 667
137 667 84 626
84 626 73 585
73 585 93 524
93 524 171 519
171 519 246 513
246 513 280 471
280 471 281 429
281 429 251 395
251 395 166 370
166 370 111 309
174 278 128 230
128 230 109 178
109 178 154 148
154 148 279 152
279 152 353 130
353 130 446 130
446 130 495 157
495 157 566 152
566 152 625 173
625 173 644 208
644 208 629 240
629 240 580 280
580 280 520 288
520 288 494 304
494 304 456 355
456 355 452 419
452 419 458 500
458 500 572 572
572 572 635 610
635 610 621 637
621 637 597 669
597 669 504 671
504 671 358 666
358 666 258 638
258 638 178 609
178 609 147 584
147 584 200 583
200 583 265 573
265 573 284 525
284 525 343 509
343 509 359 452
359 452 359 377
359 377 309 333
309 333 235 307
235 307 174 278
