104 238 188 131
373 38 190 64
190 64 92 181
92 181 51 312
51 312 51 457
51 457 90 607
90 607 213 713
213 713 400 752
400 752 533 726
533 726 644 658
644 658 702 577
702 577 714 458
714 458 716 348
716 348 678 232
678 232 614 147
614 147 540 129
540 129 465 179
465 179 427 248
427 248 348 258
348 258 328 202
328 202 378 152
378 152 414 101
414 101 373 38
276 102 309 109
309 109 278 176
278 176 231 241
231 241 257 305
257 305 321 338
321 338 408 352
408 352 463 339
463 339 504 258
504 258 554 209
554 209 598 252
598 252 652 325
652 325 629 381
629 381 630 456
630 456 621 525
621 525 580 585
580 585 526 647
526 647 441 650
441 650 364 651
364 651 307 652
307 652 246 634
246 634 189 601
189 601 158 529
158 529 125 494
125 494 108 430
108 430 119 376
119 376 119 283
119 283 179 196
179 196 276 102
